{
 "cells": [
  {
   "cell_type": "code",
   "execution_count": 3,
   "metadata": {},
   "outputs": [],
   "source": [
    "using Revise; \n",
    "includet(\"TrajModules.jl\")\n",
    "using .atom_class\n",
    "using .SystemSetup\n",
    "using .utils\n",
    "using .BeamClass\n",
    "using .CoolTrap\n",
    "using .IntegrateODE"
   ]
  },
  {
   "cell_type": "code",
   "execution_count": 2,
   "metadata": {},
   "outputs": [
    {
     "data": {
      "text/plain": [
       "atomInterface(PyObject <arc.alkali_atom_data.Rubidium87 object at 0x2a0b87c70>)"
      ]
     },
     "metadata": {},
     "output_type": "display_data"
    }
   ],
   "source": [
    "atomType = rubidiumAtom"
   ]
  },
  {
   "cell_type": "code",
   "execution_count": 3,
   "metadata": {},
   "outputs": [
    {
     "data": {
      "text/plain": [
       "16.691413378573813"
      ]
     },
     "metadata": {},
     "output_type": "display_data"
    }
   ],
   "source": [
    "stateF = (5, 1, 1.5, 3, 3)\n",
    "stateI = (5, 0, 0.5, 2, 2)\n",
    "satnum = getSaturationIntensity(atomType, stateI, stateF)"
   ]
  },
  {
   "cell_type": "code",
   "execution_count": 21,
   "metadata": {},
   "outputs": [
    {
     "ename": "ErrorException",
     "evalue": "type Tuple has no field B_Field",
     "output_type": "error",
     "traceback": [
      "type Tuple has no field B_Field\n",
      "\n",
      "Stacktrace:\n",
      " [1] getproperty\n",
      "   @ ./Base.jl:38 [inlined]\n",
      " [2] MOT_Beam(Atom::atomInterface, Beam::BeamProperties{Vector{Float64}}, environment::Tuple{Int64, Int64, Float64, Int64, Int64}, stateI::Tuple{Int64, Int64, Float64, Int64, Int64}, stateF::Float64, detuning::Float64, I::Bool, updateS0::Bool) (repeats 2 times)\n",
      "   @ Main.CoolTrap ~/Desktop/Simulation/HighFieldImaging/TrajModules.jl:182\n",
      " [3] top-level scope\n",
      "   @ ~/Desktop/Simulation/HighFieldImaging/SimulatorJulv2.ipynb:9"
     ]
    }
   ],
   "source": [
    "beamWidth = 2e-3\n",
    "beamArea = pi*(beamWidth)^2\n",
    "beamPower = 10*1e-6\n",
    "Intensity = (beamPower/beamArea)/satnum\n",
    "\n",
    "LocAll = [0, 0.0, 0]\n",
    "I_mot = (beamPower/beamArea)\n",
    "updates0 = true\n",
    "MOT_Beam(atomType,  BeamProperties(LocAll, [-1.0, 0.0, 0.0], pol_v[\"sigma_m\"]), stateI, stateF, 12e-6, I_mot, updates0)"
   ]
  },
  {
   "cell_type": "code",
   "execution_count": 22,
   "metadata": {},
   "outputs": [
    {
     "data": {
      "text/plain": [
       "0.011754526187188356"
      ]
     },
     "metadata": {},
     "output_type": "display_data"
    }
   ],
   "source": [
    "s0 = (beamPower/beamArea)/satnum\n",
    "detuning = 3*1e6\n",
    "Γ = 6.06*1e6\n",
    "scattering = s0 * Γ / 2 * 1 / (1 + s0+ (2 * (detuning ) / Γ)^2)\n",
    "scattering/Γ"
   ]
  },
  {
   "cell_type": "code",
   "execution_count": 2,
   "metadata": {},
   "outputs": [],
   "source": [
    "using DifferentialEquations"
   ]
  },
  {
   "cell_type": "code",
   "execution_count": 3,
   "metadata": {},
   "outputs": [],
   "source": [
    "using ProfileView\n",
    "using BenchmarkTools\n",
    "using PyPlot"
   ]
  },
  {
   "cell_type": "code",
   "execution_count": 5,
   "metadata": {},
   "outputs": [],
   "source": [
    "function createSystem()\n",
    "    BField(x, y, z) = 800E-4 * [0, 0, 1]\n",
    "    atomType = cesiumAtom\n",
    "    OurSystem = System(atomType, BField, -4e-6:0.4e-7:4e-6)\n",
    "    return OurSystem\n",
    "end\n",
    "OurSystem = createSystem();"
   ]
  },
  {
   "cell_type": "code",
   "execution_count": 9,
   "metadata": {},
   "outputs": [
    {
     "name": "stdout",
     "output_type": "stream",
     "text": [
      "Setting up Tweezer\n"
     ]
    }
   ],
   "source": [
    "function createTweezer(OurSystem)\n",
    "    clear_Tweezer(OurSystem)\n",
    "    stateI_T = (6, 1, 1 / 2)\n",
    "    stateF_T = (6, 0, 1 / 2)\n",
    "    wavelength_tweezer = 1064E-9\n",
    "    trapR, trapZ = 2 * pi * 0.150e6, 2 * pi * 0.029e6\n",
    "    \n",
    "    LocAll::Vector{Float64} = [0, 0, 0]\n",
    "    println(\"Setting up Tweezer\")\n",
    "    set_tweezer(OurSystem, BeamProperties(LocAll, [0.0, 0.0, 1.0], pol_v[\"pi\"]), stateI_T, stateF_T, wavelength_tweezer, trapR, trapZ)\n",
    "end\n",
    "createTweezer(OurSystem);"
   ]
  },
  {
   "cell_type": "code",
   "execution_count": 10,
   "metadata": {},
   "outputs": [
    {
     "name": "stdout",
     "output_type": "stream",
     "text": [
      "Setting up MOT\n"
     ]
    },
    {
     "name": "stdout",
     "output_type": "stream",
     "text": [
      "Fixing\n"
     ]
    },
    {
     "name": "stdout",
     "output_type": "stream",
     "text": [
      "Fixing\n"
     ]
    },
    {
     "data": {
      "text/plain": [
       "2-element Vector{Any}:\n",
       " MOT_Beam{Float64}(2.2099411934454452e15, 3.0e6, [-7.37142281580863e6, 0.0, 0.0], 3.281495681821934e7, 3.281495681821934e7, 11.023700310506518, GaussianBeam(BeamProperties{Vector{Float64}}([0.0, 0.0, 0.0], [-1.0, 0.0, 0.0], ComplexF64[0.7071067811865475 + 0.0im, 0.0 - 0.7071067811865475im, 0.0 + 0.0im], 1.0e10, 1.0e10), 14.0, 2.2099411964454452e15), Main.CoolTrap.var\"#2#8\"{Float64}(0.3174977458942898), Environment_T(Any[[0.5369241691980856 0.5722739059351407 … 0.5722739059351407 0.5369241691980856; 0.5722739059351407 0.6104284527223567 … 0.6104284527223567 0.5722739059351407; … ; 0.5722739059351407 0.6104284527223567 … 0.6104284527223567 0.5722739059351407; 0.5369241691980856 0.5722739059351407 … 0.5722739059351407 0.5369241691980856;;; 0.5416457853041334 0.5773063813689993 … 0.5773063813689993 0.5416457853041334; 0.5773063813689993 0.6157964524871437 … 0.6157964524871437 0.5773063813689993; … ; 0.5773063813689993 0.6157964524871437 … 0.6157964524871437 0.5773063813689993; 0.5416457853041334 0.5773063813689993 … 0.5773063813689993 0.5416457853041334;;; 0.5464024607071709 0.5823762243157741 … 0.5823762243157741 0.5464024607071709; 0.5823762243157741 0.6212043111251992 … 0.6212043111251992 0.5823762243157741; … ; 0.5823762243157741 0.6212043111251992 … 0.6212043111251992 0.5823762243157741; 0.5464024607071709 0.5823762243157741 … 0.5823762243157741 0.5464024607071709;;; … ;;; 0.5464024607071707 0.5823762243157738 … 0.5823762243157738 0.5464024607071707; 0.5823762243157738 0.6212043111251989 … 0.6212043111251989 0.5823762243157738; … ; 0.5823762243157738 0.6212043111251989 … 0.6212043111251989 0.5823762243157738; 0.5464024607071707 0.5823762243157738 … 0.5823762243157738 0.5464024607071707;;; 0.5416457853041334 0.5773063813689993 … 0.5773063813689993 0.5416457853041334; 0.5773063813689993 0.6157964524871437 … 0.6157964524871437 0.5773063813689993; … ; 0.5773063813689993 0.6157964524871437 … 0.6157964524871437 0.5773063813689993; 0.5416457853041334 0.5773063813689993 … 0.5773063813689993 0.5416457853041334;;; 0.5369241691980856 0.5722739059351407 … 0.5722739059351407 0.5369241691980856; 0.5722739059351407 0.6104284527223567 … 0.6104284527223567 0.5722739059351407; … ; 0.5722739059351407 0.6104284527223567 … 0.6104284527223567 0.5722739059351407; 0.5369241691980856 0.5722739059351407 … 0.5722739059351407 0.5369241691980856], [0.5369241691980856 0.5722739059351407 … 0.5722739059351407 0.5369241691980856; 0.5722739059351407 0.6104284527223567 … 0.6104284527223567 0.5722739059351407; … ; 0.5722739059351407 0.6104284527223567 … 0.6104284527223567 0.5722739059351407; 0.5369241691980856 0.5722739059351407 … 0.5722739059351407 0.5369241691980856;;; 0.5416457853041334 0.5773063813689993 … 0.5773063813689993 0.5416457853041334; 0.5773063813689993 0.6157964524871437 … 0.6157964524871437 0.5773063813689993; … ; 0.5773063813689993 0.6157964524871437 … 0.6157964524871437 0.5773063813689993; 0.5416457853041334 0.5773063813689993 … 0.5773063813689993 0.5416457853041334;;; 0.5464024607071709 0.5823762243157741 … 0.5823762243157741 0.5464024607071709; 0.5823762243157741 0.6212043111251992 … 0.6212043111251992 0.5823762243157741; … ; 0.5823762243157741 0.6212043111251992 … 0.6212043111251992 0.5823762243157741; 0.5464024607071709 0.5823762243157741 … 0.5823762243157741 0.5464024607071709;;; … ;;; 0.5464024607071707 0.5823762243157738 … 0.5823762243157738 0.5464024607071707; 0.5823762243157738 0.6212043111251989 … 0.6212043111251989 0.5823762243157738; … ; 0.5823762243157738 0.6212043111251989 … 0.6212043111251989 0.5823762243157738; 0.5464024607071707 0.5823762243157738 … 0.5823762243157738 0.5464024607071707;;; 0.5416457853041334 0.5773063813689993 … 0.5773063813689993 0.5416457853041334; 0.5773063813689993 0.6157964524871437 … 0.6157964524871437 0.5773063813689993; … ; 0.5773063813689993 0.6157964524871437 … 0.6157964524871437 0.5773063813689993; 0.5416457853041334 0.5773063813689993 … 0.5773063813689993 0.5416457853041334;;; 0.5369241691980856 0.5722739059351407 … 0.5722739059351407 0.5369241691980856; 0.5722739059351407 0.6104284527223567 … 0.6104284527223567 0.5722739059351407; … ; 0.5722739059351407 0.6104284527223567 … 0.6104284527223567 0.5722739059351407; 0.5369241691980856 0.5722739059351407 … 0.5722739059351407 0.5369241691980856]], var\"#BField#10\"(), (-4.0e-6:4.0e-8:4.0e-6, -4.0e-6:4.0e-8:4.0e-6, -4.0e-6:4.0e-8:4.0e-6)), [-1.0, 0.0, 0.0])\n",
       " MOT_Beam{Float64}(2.2099411934454452e15, 3.0e6, [7.37142281580863e6, 0.0, 0.0], 3.281495681821934e7, 3.281495681821934e7, 11.023700310506518, GaussianBeam(BeamProperties{Vector{Float64}}([0.0, 0.0, 0.0], [1.0, 0.0, 0.0], ComplexF64[-0.7071067811865475 - 0.0im, -0.0 - 0.7071067811865475im, -0.0 - 0.0im], 1.0e10, 1.0e10), 14.0, 2.2099411964454452e15), Main.CoolTrap.var\"#2#8\"{Float64}(0.31749774589428953), Environment_T(Any[[0.5369241691980856 0.5722739059351407 … 0.5722739059351407 0.5369241691980856; 0.5722739059351407 0.6104284527223567 … 0.6104284527223567 0.5722739059351407; … ; 0.5722739059351407 0.6104284527223567 … 0.6104284527223567 0.5722739059351407; 0.5369241691980856 0.5722739059351407 … 0.5722739059351407 0.5369241691980856;;; 0.5416457853041334 0.5773063813689993 … 0.5773063813689993 0.5416457853041334; 0.5773063813689993 0.6157964524871437 … 0.6157964524871437 0.5773063813689993; … ; 0.5773063813689993 0.6157964524871437 … 0.6157964524871437 0.5773063813689993; 0.5416457853041334 0.5773063813689993 … 0.5773063813689993 0.5416457853041334;;; 0.5464024607071709 0.5823762243157741 … 0.5823762243157741 0.5464024607071709; 0.5823762243157741 0.6212043111251992 … 0.6212043111251992 0.5823762243157741; … ; 0.5823762243157741 0.6212043111251992 … 0.6212043111251992 0.5823762243157741; 0.5464024607071709 0.5823762243157741 … 0.5823762243157741 0.5464024607071709;;; … ;;; 0.5464024607071707 0.5823762243157738 … 0.5823762243157738 0.5464024607071707; 0.5823762243157738 0.6212043111251989 … 0.6212043111251989 0.5823762243157738; … ; 0.5823762243157738 0.6212043111251989 … 0.6212043111251989 0.5823762243157738; 0.5464024607071707 0.5823762243157738 … 0.5823762243157738 0.5464024607071707;;; 0.5416457853041334 0.5773063813689993 … 0.5773063813689993 0.5416457853041334; 0.5773063813689993 0.6157964524871437 … 0.6157964524871437 0.5773063813689993; … ; 0.5773063813689993 0.6157964524871437 … 0.6157964524871437 0.5773063813689993; 0.5416457853041334 0.5773063813689993 … 0.5773063813689993 0.5416457853041334;;; 0.5369241691980856 0.5722739059351407 … 0.5722739059351407 0.5369241691980856; 0.5722739059351407 0.6104284527223567 … 0.6104284527223567 0.5722739059351407; … ; 0.5722739059351407 0.6104284527223567 … 0.6104284527223567 0.5722739059351407; 0.5369241691980856 0.5722739059351407 … 0.5722739059351407 0.5369241691980856], [0.5369241691980856 0.5722739059351407 … 0.5722739059351407 0.5369241691980856; 0.5722739059351407 0.6104284527223567 … 0.6104284527223567 0.5722739059351407; … ; 0.5722739059351407 0.6104284527223567 … 0.6104284527223567 0.5722739059351407; 0.5369241691980856 0.5722739059351407 … 0.5722739059351407 0.5369241691980856;;; 0.5416457853041334 0.5773063813689993 … 0.5773063813689993 0.5416457853041334; 0.5773063813689993 0.6157964524871437 … 0.6157964524871437 0.5773063813689993; … ; 0.5773063813689993 0.6157964524871437 … 0.6157964524871437 0.5773063813689993; 0.5416457853041334 0.5773063813689993 … 0.5773063813689993 0.5416457853041334;;; 0.5464024607071709 0.5823762243157741 … 0.5823762243157741 0.5464024607071709; 0.5823762243157741 0.6212043111251992 … 0.6212043111251992 0.5823762243157741; … ; 0.5823762243157741 0.6212043111251992 … 0.6212043111251992 0.5823762243157741; 0.5464024607071709 0.5823762243157741 … 0.5823762243157741 0.5464024607071709;;; … ;;; 0.5464024607071707 0.5823762243157738 … 0.5823762243157738 0.5464024607071707; 0.5823762243157738 0.6212043111251989 … 0.6212043111251989 0.5823762243157738; … ; 0.5823762243157738 0.6212043111251989 … 0.6212043111251989 0.5823762243157738; 0.5464024607071707 0.5823762243157738 … 0.5823762243157738 0.5464024607071707;;; 0.5416457853041334 0.5773063813689993 … 0.5773063813689993 0.5416457853041334; 0.5773063813689993 0.6157964524871437 … 0.6157964524871437 0.5773063813689993; … ; 0.5773063813689993 0.6157964524871437 … 0.6157964524871437 0.5773063813689993; 0.5416457853041334 0.5773063813689993 … 0.5773063813689993 0.5416457853041334;;; 0.5369241691980856 0.5722739059351407 … 0.5722739059351407 0.5369241691980856; 0.5722739059351407 0.6104284527223567 … 0.6104284527223567 0.5722739059351407; … ; 0.5722739059351407 0.6104284527223567 … 0.6104284527223567 0.5722739059351407; 0.5369241691980856 0.5722739059351407 … 0.5722739059351407 0.5369241691980856]], var\"#BField#10\"(), (-4.0e-6:4.0e-8:4.0e-6, -4.0e-6:4.0e-8:4.0e-6, -4.0e-6:4.0e-8:4.0e-6)), [1.0, 0.0, 0.0])"
      ]
     },
     "metadata": {},
     "output_type": "display_data"
    }
   ],
   "source": [
    "function createMOT(OurSystem)\n",
    "    clear_MOT(OurSystem)\n",
    "    stateF = (6, 1, 1.5, 5, 5)\n",
    "    stateI = (6, 0, 0.5, 4, 4)\n",
    "    detuning = 3e6\n",
    "    I_mot = 14\n",
    "    beamAngle = 45 * pi / 180\n",
    "\n",
    "\n",
    "    println(\"Setting up MOT\")\n",
    "    updates0 = false\n",
    "    LocAll::Vector{Float64} = [0, 0, 0]\n",
    "    set_MOT(OurSystem, BeamProperties(LocAll, [-1.0, 0.0, 0.0], pol_v[\"sigma_m\"]),  stateI, stateF, detuning, I_mot, updates0)\n",
    "    set_MOT(OurSystem, BeamProperties(LocAll, [1.0, 0.0, 0.0], pol_v[\"sigma_p\"]),  stateI, stateF, detuning, I_mot, updates0)\n",
    "    #R1\n",
    "    #set_MOT(OurSystem, BeamProperties(LocAll, [0, sin(beamAngle), cos(beamAngle)], pol_v[\"sigma_m\"]),  stateI, stateF, detuning, I_mot,updates0)\n",
    "    #set_MOT(OurSystem, BeamProperties(LocAll, [0, -sin(beamAngle), -cos(beamAngle)], pol_v[\"sigma_p\"]),  stateI, stateF, detuning, I_mot, updates0)\n",
    "    #R2\n",
    "    #set_MOT(OurSystem, BeamProperties(LocAll, [0, -sin(beamAngle), cos(beamAngle)], pol_v[\"sigma_m\"]),  stateI, stateF, detuning, I_mot, updates0)\n",
    "    #set_MOT(OurSystem, BeamProperties(LocAll, [0, sin(beamAngle), -cos(beamAngle)], pol_v[\"sigma_p\"]),  stateI, stateF, detuning, I_mot, updates0)\n",
    "end\n",
    "\n",
    "createMOT(OurSystem)"
   ]
  },
  {
   "cell_type": "code",
   "execution_count": 23,
   "metadata": {},
   "outputs": [
    {
     "name": "stdout",
     "output_type": "stream",
     "text": [
      "Number of Total Beams: 1\n",
      "Number of Tweezers Beams: 1\n",
      "Number of MOT Beams: 0\n"
     ]
    }
   ],
   "source": [
    "clear_beams(OurSystem)\n",
    "join_beams(OurSystem)\n",
    "println(\"Number of Total Beams: \", length(OurSystem.BeamConfig))\n",
    "println(\"Number of Tweezers Beams: \", length(OurSystem.TweezerConfig))\n",
    "println(\"Number of MOT Beams: \", length(OurSystem.MOTConfig))"
   ]
  },
  {
   "cell_type": "code",
   "execution_count": 24,
   "metadata": {},
   "outputs": [
    {
     "name": "stdout",
     "output_type": "stream",
     "text": [
      "[0.0, 0.0, 0.0]\n"
     ]
    },
    {
     "data": {
      "text/plain": [
       "3-element Vector{Float64}:\n",
       " 0.0\n",
       " 0.0\n",
       " 0.0"
      ]
     },
     "metadata": {},
     "output_type": "display_data"
    }
   ],
   "source": [
    "get_Fnet(OurSystem.TweezerConfig[1], [1e-7, 0, 0], [0, 0, 0])"
   ]
  },
  {
   "cell_type": "code",
   "execution_count": 13,
   "metadata": {},
   "outputs": [
    {
     "data": {
      "text/plain": [
       "1-element Vector{Any}:\n",
       " Vector[[0.0, 1.0e-9, 2.0e-9, 3.0000000000000004e-9, 4.0e-9, 5.0e-9, 6.0e-9, 7.0e-9, 8.0e-9, 9.000000000000001e-9, 1.0e-8], [[-7.733055860286247e-9, -6.427692326010687e-7, -5.211618901206368e-8, -0.5685855731494484, 0.006550004146844104, -0.012245161060486575, 0.0], [-8.301641433435695e-9, -6.427626825969219e-7, -5.2128434173124165e-8, -0.5685855731494484, 0.006550004146844104, -0.012245161060486575, 0.0], [-8.870227006585142e-9, -6.427561325927751e-7, -5.214067933418465e-8, -0.5685855731494484, 0.006550004146844104, -0.012245161060486575, 0.0], [-9.43881257973459e-9, -6.427495825886283e-7, -5.2152924495245136e-8, -0.5685855731494484, 0.006550004146844104, -0.012245161060486575, 0.0], [-1.0007398152884038e-8, -6.427430325844815e-7, -5.216516965630562e-8, -0.5685855731494484, 0.006550004146844104, -0.012245161060486575, 0.0], [-1.0575983726033486e-8, -6.427364825803347e-7, -5.2177414817366106e-8, -0.5685855731494484, 0.006550004146844104, -0.012245161060486575, 0.0], [-1.1144569299182934e-8, -6.427299325761879e-7, -5.218965997842659e-8, -0.5685855731494484, 0.006550004146844104, -0.012245161060486575, 0.0], [-1.1713154872332382e-8, -6.427233825720411e-7, -5.2201905139487076e-8, -0.5685855731494484, 0.006550004146844104, -0.012245161060486575, 0.0], [-1.228174044548183e-8, -6.427168325678943e-7, -5.221415030054756e-8, -0.5685855731494484, 0.006550004146844104, -0.012245161060486575, 0.0], [-1.2850326018631278e-8, -6.427102825637475e-7, -5.2226395461608046e-8, -0.5685855731494484, 0.006550004146844104, -0.012245161060486575, 0.0], [-1.3418911591780726e-8, -6.427037325596007e-7, -5.223864062266853e-8, -0.5685855731494484, 0.006550004146844104, -0.012245161060486575, 0.0]]]"
      ]
     },
     "metadata": {},
     "output_type": "display_data"
    }
   ],
   "source": [
    "dt = 1e-9\n",
    "tspan = (0, 10e-9)\n",
    "sol = simulate(OurSystem, 1, 1e-3, \"Fabs_A\", tspan, dt)"
   ]
  },
  {
   "cell_type": "code",
   "execution_count": 14,
   "metadata": {},
   "outputs": [
    {
     "data": {
      "text/plain": [
       "([0.0, 1.0e-9, 2.0e-9, 3.0000000000000004e-9, 4.0e-9, 5.0e-9, 6.0e-9, 7.0e-9, 8.0e-9, 9.000000000000001e-9, 1.0e-8], Any[[-7.733055860286247e-9, -8.301641433435695e-9, -8.870227006585142e-9, -9.43881257973459e-9, -1.0007398152884038e-8, -1.0575983726033486e-8, -1.1144569299182934e-8, -1.1713154872332382e-8, -1.228174044548183e-8, -1.2850326018631278e-8, -1.3418911591780726e-8]], Any[[-6.427692326010687e-7, -6.427626825969219e-7, -6.427561325927751e-7, -6.427495825886283e-7, -6.427430325844815e-7, -6.427364825803347e-7, -6.427299325761879e-7, -6.427233825720411e-7, -6.427168325678943e-7, -6.427102825637475e-7, -6.427037325596007e-7]], Any[[-5.211618901206368e-8, -5.2128434173124165e-8, -5.214067933418465e-8, -5.2152924495245136e-8, -5.216516965630562e-8, -5.2177414817366106e-8, -5.218965997842659e-8, -5.2201905139487076e-8, -5.221415030054756e-8, -5.2226395461608046e-8, -5.223864062266853e-8]], Any[[-0.5685855731494484, -0.5685855731494484, -0.5685855731494484, -0.5685855731494484, -0.5685855731494484, -0.5685855731494484, -0.5685855731494484, -0.5685855731494484, -0.5685855731494484, -0.5685855731494484, -0.5685855731494484]], Any[[0.006550004146844104, 0.006550004146844104, 0.006550004146844104, 0.006550004146844104, 0.006550004146844104, 0.006550004146844104, 0.006550004146844104, 0.006550004146844104, 0.006550004146844104, 0.006550004146844104, 0.006550004146844104]], Any[[-0.012245161060486575, -0.012245161060486575, -0.012245161060486575, -0.012245161060486575, -0.012245161060486575, -0.012245161060486575, -0.012245161060486575, -0.012245161060486575, -0.012245161060486575, -0.012245161060486575, -0.012245161060486575]], Any[[0.0, 0.0, 0.0, 0.0, 0.0, 0.0, 0.0, 0.0, 0.0, 0.0, 0.0]])"
      ]
     },
     "metadata": {},
     "output_type": "display_data"
    }
   ],
   "source": [
    "timeEval, x, y, z, vx, vy, vz, photons = processData(sol)"
   ]
  },
  {
   "cell_type": "code",
   "execution_count": 7,
   "metadata": {},
   "outputs": [],
   "source": [
    "using PyPlot"
   ]
  },
  {
   "cell_type": "code",
   "execution_count": 12,
   "metadata": {},
   "outputs": [
    {
     "data": {
